t;v
0.00000000;3.95269794
0.15101260;3.51755469
0.15731920;3.11609665
0.21301530;2.74738811
0.26887070;2.41049338
0.30381330;2.10447677
0.32760200;1.82840257
0.35070490;1.58133509
0.36311910;1.36233862
0.38318810;1.17047748
0.39404630;1.00481596
0.40481890;0.86441837
0.41574900;0.74834901
0.42693920;0.38660659
0.43794520;-0.01287041
0.44906690;0.76857354
0.46029490;0.75870725
0.47127440;0.73037058
0.48250110;0.72749689
0.49332880;0.70949734
0.50435050;0.68745365
0.51549290;0.67440806
0.52746390;0.66703994
0.53756470;0.68705354
0.54865270;0.63829492
0.55980070;0.59744050
0.57081340;0.57555917
0.58198190;0.54766472
0.59308120;0.51010735
0.60420530;0.47652348
0.61530660;0.45248132
0.62648860;0.42689051
0.63908940;0.39933090
0.64843320;0.35464897
0.65934510;0.33150497
0.67053630;0.30507679
0.68151130;0.28701311
0.69261310;0.26656180
0.70366750;0.24625267
0.71465950;0.22762457
0.72556570;0.22221731
0.73670980;0.21072062
0.74781330;0.20644843
0.75874820;0.20568127
0.76992470;0.20459410
0.78111820;0.20079667
0.79189700;0.23015151
0.80311110;0.20866362
0.81414800;0.21008473
0.82620660;0.22406075
0.83636540;0.23097479
0.84740710;0.23917006
0.85858020;0.23750359
0.86965650;0.24052746
0.88077000;0.25405958
0.89201690;0.26175903
0.90305940;0.25458822
0.91411810;0.25089450
0.92521070;0.26165325
0.93645220;0.26729372
0.94753410;0.26493768
0.95865270;0.28567129
0.96973930;0.27500531
0.98077030;0.29128159
0.99186720;0.28687516
1.00293150;0.29168560
1.01415950;0.30135997
1.02527700;0.30579301
1.03652580;0.30184385
1.04774920;0.30753884
1.05872740;0.32006168
1.06983680;0.32721278
1.08096500;0.32907189
1.09212710;0.33548973
1.10352030;0.33763322
1.11455030;0.34413342
1.12560040;0.35093716
1.13659610;0.34029616
1.14791500;0.34484189
1.15919820;0.34774910
1.17021790;0.33759137
1.18134680;0.33878514
1.19224910;0.35005396
1.20363410;0.35415529
1.21465370;0.34922519
1.22579520;0.36628195
1.23674160;0.35140121
1.24785610;0.36018932
1.25905750;0.35989238
1.27022480;0.36920773
1.28152300;0.34707494
1.29366960;0.35028421
1.30359800;0.34938844
1.31452230;0.34042082
1.32582120;0.34119235
1.33694570;0.32933819
1.34807630;0.31640216
1.35933670;0.31456890
1.37041270;0.30400051
1.38149700;0.27950152
1.39264530;0.29377062
1.40352950;0.26642899
1.41484200;0.25903336
1.42591170;0.24230399
1.43691620;0.23462586
1.44797450;0.23171777
1.45924250;0.21238138
1.47029450;0.21342827
1.48146720;0.21184999
1.49259470;0.22695148
1.50375670;0.21688875
1.51502910;0.22311240
1.52636060;0.22477810
1.53719780;0.22006546
1.54834400;0.21270138
1.55927420;0.22471871
1.57055560;0.22100837
1.58159210;0.20904556
1.59274660;0.21213583
1.60383540;0.20826900
1.61508670;0.20481128
1.62625540;0.21245507
1.63724450;0.21118965
1.64843750;0.20398190
1.65955050;0.22252387
1.67091890;0.19690442
1.68192210;0.19588596
1.69287510;0.18512412
1.70410860;0.18830735
1.71515330;0.16613141
1.72625750;0.16369670
1.73735680;0.17273054
1.74864200;0.17359283
1.75979680;0.17058442
1.77087910;0.15141389
1.78218120;0.15948628
1.79312360;0.15558958
1.80407100;0.16029523
1.81521390;0.15793228
1.82640080;0.15812224
1.83751620;0.16334172
1.84862790;0.15610730
1.85992810;0.16087290
1.87090600;0.16322641
1.88207030;0.16510297
1.89318970;0.16716397
1.90440840;0.16196673
1.91546890;0.16126647
1.92651490;0.16352105
1.93775360;0.18175164
1.94885290;0.15992272
1.96004060;0.14215673
1.97101510;0.12814835
1.98220760;0.10466601
1.99337050;0.09016790
2.00447100;0.07171055
2.01576280;0.05714138
2.02676070;0.03911704
2.03791960;0.02643389
2.04906240;0.02590516
2.06131370;0.01256812
2.07122640;0.01085628
2.08235180;0.00395999
2.09363290;-0.00087757
2.10485620;-0.00308882
2.11587400;-0.00272404
2.12692030;0.00256854
2.13836710;0.00299951
2.14912870;0.00591228
2.16031390;0.00786200
2.17156160;0.01558800
2.18265150;0.02922296
2.19374480;0.03097677
2.20480550;0.04462336
2.21619540;0.01656077
2.22710040;0.02063055
2.23850920;0.02085401
2.24962800;0.01815490
2.26088070;0.02027137
2.27192130;0.01796613
2.28296640;0.02108930
2.29547520;0.01999351
2.30536820;0.02171751
2.31612000;0.02288516
2.32730320;0.02511155
2.33859060;0.02927555
2.34952560;0.03319126
2.36080130;0.03668824
2.37192860;0.03944263
2.38305100;0.04683317
2.39400200;0.04835390
2.40540120;0.05155192
2.41640040;0.05509589
2.42748250;0.05710320
2.43877560;0.06528625
2.44979200;0.06889531
2.46091860;0.07157480
2.47207730;0.08276929
2.48324810;0.08466987
2.49405340;0.09793818
2.50533310;0.10195271
2.51646770;0.11049580
2.52754350;0.03878680
2.53869480;0.14806016
2.54977570;0.16604193
2.56101610;0.14704624
2.57223440;0.15954219
2.58318020;0.10301770
2.59480350;0.12070126
2.60575170;0.15669942
2.61643380;0.16556714
2.62746230;0.16743650
2.63861570;0.16897762
2.64967110;0.17521191
2.66082020;0.17428791
2.67211730;0.17328073
2.68298270;0.17374169
2.69473080;0.16569622
2.70544610;0.16428320
2.71622240;0.15327492
2.72730760;0.10198567
2.73870690;0.12273217
2.74973580;0.13392610
2.76073910;0.15256755
2.77209570;0.14574458
2.78286970;0.14965567
2.79558820;0.14239396
2.80509990;0.24412267
2.81593850;0.17808217
2.82702250;0.13162384
2.83825850;0.14543313
2.84939570;0.14277890
2.86061310;0.19506809
2.87170540;0.20195004
2.88283860;0.21553272
2.89387410;0.15437452
2.90532190;0.16940657
2.91649940;0.15330713
2.92734730;0.11107869
2.93876470;0.12202096
2.94966430;0.07913017
2.96074190;0.07773811
2.97195470;0.04501652
2.98320910;0.02654682
2.99432540;0.02847022
3.00530570;0.05045551
3.01641430;0.04613826
3.02751680;0.04770367
3.03878420;0.03980858
3.04964030;0.04343045
3.06094000;0.03898023
3.07247380;0.03900559
3.08311410;0.04530974
3.09409890;0.03545621
3.10561280;0.06142150
3.11661310;0.06456392
3.12755350;0.04238381
3.13875600;0.04321658
3.14977950;0.04209223
3.16090380;-0.01888342
3.17213430;0.01780475
3.18329860;-0.02297973
3.19434930;-0.03662833
3.20551610;-0.01810072
3.21679010;-0.05397608
3.22772100;-0.02965232
3.23884950;-0.05747381
3.25006450;-0.04969657
3.26114020;-0.05477200
3.27225630;-0.08720937
3.28338630;-0.06983319
3.29485950;-0.06923261
3.30554270;-0.06746447
3.31651590;-0.07007324
3.32809830;-0.06708886
3.33889730;-0.06609507
3.34999630;-0.06615063
3.36142160;-0.06741593
3.37226200;-0.05939843
3.38323140;-0.05552522
3.39440170;-0.07064707
3.40568130;-0.05074212
3.41676660;-0.06812352
3.42810060;-0.06917860
3.43897280;-0.07388803
3.45000720;-0.08178775
3.46140250;-0.07880049
3.47255400;-0.07582172
3.48329860;-0.08020919
3.50578830;-0.06217695
3.51781340;-0.09928223
3.53045410;-0.09678126
3.54036730;-0.08840209
3.55137320;-0.08194080
3.56252020;-0.07735904
3.58474710;-0.07236857
3.59627050;-0.06428435
3.60698720;-0.06081133
3.61794550;-0.05248694
3.62941720;-0.04749073
3.63994350;-0.04120259
3.65002830;-0.03367238
3.66104270;-0.02522931
3.67218930;-0.02759192
3.68293570;-0.03110882
3.69380740;-0.01547500
3.70474220;-0.03608522
3.71596850;-0.02710878
3.72711630;-0.03031444
3.73826970;-0.02692140
3.74908790;-0.01857858
3.76035230;-0.03079567
3.77117820;-0.03977689
3.78223100;-0.03269570
3.79416380;-0.05757667
3.80446280;-0.02657352
3.81552120;-0.02122356
3.82719880;-0.01422128
3.83787130;-0.01591567
3.84898600;-0.00868450
3.86017330;-0.00695204
3.87113320;-0.00350905
3.88237140;-0.00066138
3.89344890;0.00180948
3.90461200;0.00520919
3.91565010;0.00705753
3.92687980;0.00786960
3.93787030;0.00920533
3.94972310;0.01195619
3.96006840;0.00749802
3.97108160;0.01320576
3.98219360;0.00651751
3.99327960;0.01092029
4.00433970;0.00700810
4.01566600;0.00712373
4.02652720;-0.00847162
4.03775810;-0.00554679
4.04890130;0.03353153
4.06032660;-0.00453471
4.07148360;0.01120176
4.08227720;0.00577536
4.09352410;0.00725736
4.10444060;0.01481531
4.11564320;0.00716533
4.12663530;0.01897159
4.13778950;0.01193082
4.14904910;0.01675690
4.16025280;0.03046159
4.17138990;0.02108639
4.18246280;0.03440289
4.19351950;0.02192798
4.20462460;0.03515265
4.21584930;0.03401903
4.22684710;0.02917150
4.23792210;0.03143361
4.24981890;0.02355686
4.26013740;0.02701637
4.27130760;0.01742993
4.28264800;0.01714041
4.29357470;0.01099874
4.30465780;0.01598815
4.31610040;0.02190599
4.32704710;-0.02196456
4.33798250;0.00548955
4.34910560;-0.01349275
4.36021200;-0.01001328
4.37128540;-0.00394935
4.38247860;-0.01927584
4.39376450;-0.00433908
4.40467830;-0.01799007
4.41578330;-0.00285694
4.42692810;-0.00272542
4.43815020;-0.01252137
4.44916800;0.00359217
4.46043200;-0.00677412
4.47133980;0.01224261
4.48275090;0.00026785
4.49376530;0.00370096
4.50483310;0.00693703
4.51617190;0.00805572
4.52722100;0.01378676
4.53841910;0.01255213
4.54931290;0.02058258
4.56054350;0.02010143
4.57141560;0.02436522
4.58260520;0.02289598
4.59379020;0.02365581
4.60472880;0.02760811
4.61600600;0.02337816
4.62711030;0.02790027
4.63943750;0.02811899
4.64947480;0.02142532
4.66052010;0.02499133
4.67159540;0.01957848
4.68272470;0.02187220
4.69384420;0.01536639
4.70506270;0.01724208
4.71622550;0.01521768
4.72738750;0.00839469
4.73877770;0.00768366
4.74977210;0.00228163
4.76076970;0.00539098
4.77189180;0.00123399
4.78317580;-0.00102790
4.79414110;0.00112333
4.80531540;-0.00411902
4.81670350;-0.00500079
4.82760550;-0.00762986
4.83858460;-0.01433862
4.84966080;-0.01642835
4.86106570;-0.02197741
4.87205600;-0.02248044
4.88294560;-0.02705440
4.89413140;-0.02600215
4.90526850;-0.02797045
4.91673950;-0.03059770
4.92735140;-0.02676488
4.93830940;-0.02931536
4.94943360;-0.02740042
4.96066480;-0.02494627
4.97181540;-0.02494091
4.98298620;-0.02839966
4.99406390;-0.02913395
5.00504520;-0.02738376
5.01629040;-0.03032870
5.02731960;-0.02750868
5.03856010;-0.03241663
5.04952710;-0.03257445
5.06082090;-0.02922009
5.07194130;-0.03458925
5.08296090;-0.03266683
5.09405590;-0.03866322
5.10532830;-0.04511993
5.11640760;-0.04185333
5.12745510;-0.04768736
5.13874730;-0.04582489
5.15002690;-0.04678088
5.16085710;-0.04116490
5.17217800;-0.04310194
5.18307070;-0.04428627
5.19416130;-0.03704530
5.20531810;-0.03791305
5.21650370;-0.03210299
5.22752720;-0.03027300
5.23881190;-0.03212515
5.24988030;-0.02774803
5.26094830;-0.02835188
5.27216740;-0.02490214
5.28321970;-0.02384565
5.29512100;-0.01895497
5.30533470;-0.02063237
5.31647170;-0.01753392
5.32764260;-0.01356830
5.33876280;-0.01546750
5.34967940;-0.01466582
5.36093920;-0.01735015
5.37202800;-0.01383928
5.38309490;-0.01300087
5.39434410;-0.01491200
5.40550780;-0.01050670
5.41626570;-0.00875789
5.42760010;-0.00437274
5.43872420;-0.00894474
5.45044720;-0.00640926
5.46080150;-0.00485327
5.47190390;-0.00516798
5.48295880;0.00130952
5.49416780;0.00247247
5.50537370;0.00167439
5.51651590;0.00480751
5.52757850;0.00247029
5.53888250;0.00893872
5.54987930;0.00894317
5.56099590;0.00971866
5.57215070;0.01082074
5.58339750;0.01225894
5.59440310;0.01367927
5.60546810;0.01258837
5.61636710;0.01955794
5.62760360;0.01556887
5.63890330;0.01406824
5.64980810;0.00995043
5.66094200;0.00890709
5.67233170;0.00739939
5.68322940;0.00501356
5.69448910;0.00275844
5.70549990;-0.00220029
5.71671860;-0.00473539
5.72774280;-0.00785226
5.73892380;-0.00551707
5.75008580;-0.00692158
5.76110650;-0.01005618
5.77226190;-0.01436318
5.78329890;-0.01175782
5.79454710;-0.01204650
5.80572310;-0.01003919
5.81673820;-0.00937811
5.82789090;-0.00770548
5.83901860;-0.00456983
5.84997840;-0.00343046
5.86110540;-0.00187086
5.87243840;-0.00014303
5.88330640;0.00455937
5.89448770;-0.00618655
5.90557970;-0.00142225
5.91660130;-0.00383323
5.92795280;-0.00133514
5.93904020;-0.00189412
5.94990190;-0.00242594
5.96121490;-0.00234877
5.97245370;0.00022893
5.98344450;0.00076132
5.99603520;-0.00043861
6.00577530;0.00010742
6.01672950;-0.00063014
6.02791800;-0.00040733
6.03898440;-0.00250351
6.05010400;-0.00293120
6.06126250;-0.00380609
6.07229170;-0.00505376
6.08337530;-0.00666063
6.09462080;-0.00750537
6.10571560;-0.00725602
6.11675870;-0.00589098
6.12786420;-0.00609649
6.14033140;-0.00635519
6.15005640;-0.00686037
6.16110230;-0.01165720
6.17226390;-0.00759846
6.18340420;-0.00979492
6.19450750;-0.00505299
6.20567450;-0.00400680
6.21682830;-0.00304723
6.22791560;-0.00161975
6.23913680;-0.00328446
6.25020520;-0.00118257
6.26140150;-0.00225064
6.27250970;-0.00068776
6.28371350;0.00064934
6.29603460;0.00278077
6.30583190;0.00294166
6.31681450;0.00564089
6.32775620;0.00480201
6.33909830;0.00585958
6.35014690;0.00415343
6.36131710;0.00654531
6.37229620;0.00891771
6.38343010;0.01070012
6.39453880;0.01024498
6.40581180;0.00820619
6.41677580;0.01090622
6.42804750;0.01386658
6.43896720;0.02018135
6.45025390;0.01413029
6.46142440;0.02169831
6.47247030;0.01654982
6.48369920;0.02044746
6.49473380;0.02242493
6.50582980;0.01614459
6.51696800;0.03233209
6.52922320;0.02146326
6.53918250;0.03341921
6.55027820;0.03457647
6.56188380;0.03472625
6.57373620;0.03491605
6.58343490;0.03199261
6.59464550;0.03384092
6.60619070;0.03968929
6.61687980;0.04348413
6.62805520;0.04718168
6.63924990;0.04841570
6.65012770;0.05249299
6.66105370;0.04859735
6.67235170;0.05294316
6.68349340;0.06253693
6.69599970;0.06351886
6.70581520;0.06747940
6.71673900;0.06318595
6.72788130;0.07329515
6.73900890;0.07475214
6.75032740;0.08146347
6.76266600;0.08132294
6.77234790;0.08432684
6.78346650;0.10129794
6.79526720;0.09273387
6.80573600;0.10875552
6.81679080;0.10489587
6.82810220;0.11676810
6.83911150;0.12104675
6.85017920;0.12859802
6.86143260;0.14770641
6.87249560;0.15076879
6.88348230;0.16042198
6.89474660;0.16390395
6.90597050;0.17339270
6.91721010;0.18130400
6.92817850;0.18023367
6.93927590;0.19165388
6.95039150;0.19589189
6.96178200;0.19976545
6.97261730;0.19949741
6.98353770;0.20429967
6.99611290;0.21099276
7.00597540;0.20993144
7.01675920;0.21097871
7.02798800;0.21345694
7.03920220;0.21741936
7.05023840;0.22275138
7.06184660;0.20457348
7.07248130;0.23077133
7.08351880;0.22470193
7.09480710;0.22866674
7.10581910;0.19577808
7.11689050;0.24367342
7.12799710;0.24468482
7.13947690;0.23776466
7.15023160;0.24743702
7.16110110;0.25055883
7.17227960;0.25510234
7.18342870;0.26062662
7.19471610;0.25711215
7.20572170;0.26180798
7.21692450;0.26272181
7.22791020;0.27738622
7.23909760;0.28466015
7.25019220;0.28989452
7.26189590;0.29196509
7.27267790;0.28966402
7.28362340;0.30906216
7.29473030;0.30930329
7.30576140;0.31613411
7.31705520;0.33284403
7.32858090;0.31982008
7.33972530;0.35567360
7.35021560;0.33978984
7.36153450;0.36097690
7.37265200;0.36336199
7.38358980;0.42092188
7.39491210;0.39577958
7.40610090;0.40046183
7.41818870;0.42245074
7.42812530;0.42899780
7.43934250;0.42690545
7.45160840;0.44169293
7.46263610;0.44823850
7.47262070;0.45301573
7.48373080;0.46122046
7.49526620;0.49165514
7.50588690;0.49280535
7.51687630;0.50221148
7.52822190;0.51760784
7.53934100;0.51165957
7.55033670;0.54404897
7.56203960;0.54378651
7.57275100;0.55389959
7.58374270;0.57147715
7.59595860;0.58541950
7.60606860;0.61746290
7.61706040;0.63726824
7.62847760;0.65526168
7.63931470;0.65126133
7.65044950;0.67968083
7.66264410;0.68602212
7.67268380;0.70856386
7.68386020;0.72042444
7.69522540;0.72196872
7.70590610;0.72928025
7.71724320;0.74928075
7.72800040;0.77683250
7.73920010;0.79024565
7.75029820;0.79419943
7.76264510;0.83944028
7.77245590;0.82955091
7.78352420;0.86726086
7.79478610;0.86730117
7.80582000;0.89021332
7.81688640;0.89238474
7.82851410;0.91894679
7.83963770;0.93209986
7.85020490;0.96188393
7.86155810;1.00653544
7.87505910;1.01346274
7.88481560;1.03400679
7.89631580;1.07549501
7.90637830;1.06567346
7.91721250;1.11626168
7.92840080;1.11627801
7.93943940;1.11746438
7.95045670;1.14136742
7.96159190;1.13881777
7.97268060;1.14783980
7.98393860;1.15530706
7.99531710;1.19972156
8.00608530;1.19336105
8.01737470;1.15742309
8.02826480;1.21994953
8.03926200;1.19920898
8.05039410;1.25242470
8.06196410;1.23326839
8.07263310;1.23651407
8.08369000;1.25114937
8.09496760;1.26953604
8.10605060;1.26212685
8.11703720;1.29596709
8.12828300;1.29843188
8.14040450;1.28664591
8.15055850;1.33193098
8.16189480;1.33679473
8.17258600;1.27788744
8.18383040;1.32356528
8.19489040;1.28815489
8.20588170;1.27078306
8.21713210;1.30245172
8.22834880;1.27110354
8.23937870;1.26554875
8.25040870;1.26037144
8.26188600;1.30552050
8.27273110;1.26959415
8.28385990;1.25988192
8.29559250;1.33454068
8.30621350;1.31007884
8.31721050;1.35717577
8.32877460;1.32956503
8.33959390;1.33426488
8.35058780;1.37660465
8.36273060;1.34582962
8.37301960;1.35788797
8.38387170;1.38610605
8.39602600;1.36230495
8.40652680;1.36588409
8.41737000;1.39701026
8.42817710;1.35699851
8.43940830;1.34062155
8.45039190;1.38496680
8.46159560;1.35871118
8.47285180;1.34619805
8.48389810;1.35699704
8.49533640;1.36188031
8.50610520;1.35088003
8.51726890;1.35534895
8.52862270;1.39076657
8.53951020;1.34541089
8.55061970;1.39001305
8.56226760;1.39241562
8.57278160;1.33911912
8.58377030;1.37103584
8.59627160;1.32958892
8.60639630;1.30274842
8.61699260;1.34209356
8.62815880;1.29149454
8.63939250;1.29667088
8.65037610;1.30029167
8.66149800;1.27571762
8.67263560;1.30572414
8.68378030;1.24293470
8.69607170;1.23749405
8.70591940;1.22695074
8.71719010;1.27023454
8.72828910;1.24742617
8.73924160;1.26660337
8.75028560;1.27680316
8.76145220;1.32781645
8.77256580;1.26101584
8.78356980;1.26843239
8.79641600;1.29639099
8.81705680;1.29279023
8.82973920;1.35655280
8.84054530;1.32126561
8.85080590;1.35414604
8.86211490;1.38792862
8.87285100;1.39371961
8.88381400;1.40228964
8.89500350;1.43598126
8.91708480;1.43255871
8.92996570;1.45290339
8.94057130;1.44381240
8.95184420;1.46746873
8.96329340;1.45387830
8.97409130;1.39333162
8.98443350;1.47041635
8.99522340;1.44379256
9.00611210;1.45688960
9.01709160;1.45027719
9.02818160;1.43879694
9.03922110;1.39725423
9.05002620;1.40420335
9.06113830;1.33151200
9.07224370;1.34993497
9.08316620;1.37336426
9.09434040;1.35733780
9.10538900;1.35523621
9.11631730;1.34625051
9.12753110;1.33405978
9.13863600;1.32350432
9.14957810;1.30595012
9.16066150;1.26601383
9.17171460;1.25301843
9.18286820;1.27644297
9.19378830;1.24904132
9.20495710;1.23124621
9.21615040;1.26292373
9.22723050;1.22977968
9.23838080;1.23046559
9.24959980;1.25984285
9.26065500;1.22492881
9.27172340;1.23447988
9.28280510;1.25951988
9.29392160;1.23353636
9.30502960;1.25819718
9.31630750;1.26071075
9.32793920;1.23732686
9.33842450;1.24242056
9.34950890;1.27276375
9.36054260;1.23994419
9.37173870;1.24586968
9.38283810;1.26711688
9.39395960;1.22879534
9.40511760;1.23544480
9.41621040;1.21499408
9.42723760;1.20456094
9.43857350;1.21210248
9.44975920;1.20342125
9.46075620;1.16437639
9.47178400;1.14163604
9.48302480;1.16292314
9.49398680;1.11808583
9.50494850;1.10576482
9.51625110;1.11021296
9.52731550;1.06570915
9.53835550;1.05508721
9.54959100;1.05297152
9.56065780;1.01110942
9.57170820;0.99098562
9.58292040;0.96412703
9.59390330;0.94429073
9.60490500;0.92818878
9.61606370;0.93788716
9.62723450;0.90245740
9.63834710;0.89767410
9.64941730;0.90674905
9.66057030;0.88460019
9.67188090;0.87575952
9.68293050;0.89013906
9.69412940;0.88002428
9.70509590;0.86967475
9.71638930;0.87107068
9.72752650;0.86605738
9.73858080;0.87725629
9.74969190;0.88009231
9.76100100;0.85665579
9.77183450;0.85051757
9.78273700;0.86374443
9.79460920;0.83919888
9.80503910;0.82988521
9.81614440;0.83432345
9.82955450;0.80062412
9.83903760;0.79554802
9.84923480;0.78140989
9.86047450;0.74646223
9.87146640;0.72918384
9.88282390;0.72925264
9.89390960;0.69323754
9.90504580;0.67719277
9.91620350;0.67587437
9.92720090;0.64746395
9.93826310;0.62735934
9.94974940;0.63721005
9.96075110;0.61332650
9.97170620;0.60330402
9.98303580;0.60693823
9.99400840;0.57623373
10.00517820;0.57397098
10.01637840;0.54982413
10.02756240;0.53640525
10.03844440;0.52316187
10.04959760;0.53670947
10.06084420;0.51384551
10.07178990;0.50846455
10.08313220;0.51991544
10.09409380;0.50279310
10.10510220;0.50300819
10.11636070;0.50454698
10.12740210;0.50943644
10.13859820;0.50842382
10.14981690;0.53252699
10.16117160;0.51969471
10.17207100;0.53238743
10.18317640;0.56363773
10.19422280;0.56444139
10.20538480;0.57738142
10.21647670;0.60879499
10.22764820;0.61473322
10.23870000;0.64377492
10.24988670;0.64043992
10.26203720;0.64941250
10.27214370;0.66232833
10.28323660;0.68317050
10.29445960;0.68684596
10.30552950;0.69992589
10.31660940;0.72995001
10.32787190;0.72255899
10.33884600;0.73199377
10.34993500;0.75706582
10.36097720;0.72880933
10.37248480;0.74811726
10.38328990;0.76786306
10.39437840;0.75610357
10.40554340;0.74730659
10.41673170;0.76559210
10.42800240;0.74320603
10.43919640;0.74567254
10.45018520;0.75585602
10.46139320;0.73233670
10.47257070;0.73891822
10.48527440;0.71754976
10.49501430;0.71461766
10.50558200;0.71619394
10.51672960;0.68709272
10.52779170;0.68405297
10.53880150;0.67445947
10.54991360;0.68051591
10.56145470;0.64765361
10.57252380;0.64866966
10.58340590;0.62930157
10.59440030;0.59355555
10.60646690;0.57890459
10.61669170;0.57411950
10.62745070;0.54174126
10.63950050;0.55707167
10.64985820;0.53151384
10.66093960;0.50301071
10.67200490;0.48696187
10.68311310;0.48502939
10.69427160;0.45514860
10.70539290;0.44252606
10.71700300;0.44022923
10.72768450;0.41681681
10.73906100;0.40752721
10.75010560;0.39275211
10.76120510;0.40323766
10.77221060;0.38842310
10.78335460;0.37917807
10.79471380;0.37075468
10.80575080;0.36281517
10.81663680;0.36580760
10.82763310;0.34769290
10.83890870;0.34731265
10.85003870;0.33468165
10.86114010;0.32812796
10.87229600;0.32877472
10.88347240;0.33156887
10.89450220;0.32119858
10.90561830;0.31122720
10.91786380;0.29832608
10.92774240;0.28936580
10.93881860;0.27727065
10.94986920;0.26859246
10.96106510;0.24402864
10.97221000;0.23168113
10.98377770;0.21974508
10.99414670;0.19569782
11.00524390;0.18442030
11.01650080;0.17378432
11.02764210;0.15583031
11.03873230;0.14254097
11.04982250;0.13412225
11.06099560;0.11771301
11.07225630;0.11168015
11.08330830;0.10693345
11.09448530;0.09611441
11.10585220;0.09560835
11.11667150;0.09607253
11.12772050;0.09323340
11.13915970;0.09467111
11.15007110;0.10146055
11.16127310;0.10065126
11.17240460;0.10215576
11.18339450;0.10858230
11.19456920;0.11013978
11.20576180;0.11244996
11.21687700;0.11582547
11.22791080;0.11648533
11.23910930;0.12191857
11.25002700;0.12469509
11.26130660;0.12221449
11.27252140;0.12780402
11.28339750;0.12174778
11.29468560;0.12244099
11.30585250;0.11503979
11.31696700;0.11347570
11.32807910;0.10952115
11.33912640;0.10062748
11.35011060;0.09834461
11.36115880;0.09264693
11.37235330;0.09078991
11.38360770;0.08366166
11.39487480;0.07833289
11.40607110;0.07024762
11.41718110;0.06472855
11.42841370;0.05619647
11.43957860;0.04891650
11.45092540;0.04704116
11.46182600;0.03923984
11.47288770;0.03024145
11.48408960;0.02769552
11.49640900;0.01841622
11.50631620;0.01851135
11.51754430;0.00918240
11.52857670;0.00465773
11.53966650;0.00337352
11.55071760;-0.00653456
11.56221840;-0.00971453
11.57302560;-0.01890423
11.58408760;-0.02298980
11.59530490;-0.02792111
11.60771220;-0.03603850
11.61735830;-0.03736413
11.62832210;-0.04787051
11.63948050;-0.05003045
11.65068970;-0.05749335
11.66194500;-0.06289239
11.67321440;-0.06879198
11.68400630;-0.07598991
11.69554320;-0.07840833
11.70649830;-0.08689370
11.71873260;-0.09029455
11.72987940;-0.09763640
11.73966870;-0.10233215
11.75079860;-0.10302855
11.76315090;-0.11147222
11.77292300;-0.10706718
11.78394460;-0.11291219
11.79559210;-0.11309129
11.80633750;-0.11330752
11.81732660;-0.11743155
11.82855430;-0.12011684
11.83954720;-0.12011398
11.85058880;-0.12046500
11.86179450;-0.12045717
11.87298080;-0.11961040
11.88387890;-0.11920528
11.89513180;-0.11816462
11.90622090;-0.10968631
11.91728450;-0.11337761
11.92845490;-0.10950170
11.93968890;-0.10376430
11.95093690;-0.10055239
11.96188820;-0.09693987
11.97306300;-0.09662342
11.98425370;-0.09104694
11.99534290;-0.08863292
12.00641630;-0.08549827
12.01750270;-0.08106553
12.02903080;-0.08084726
12.03991410;-0.07325762
12.05088810;-0.07279196
12.06317250;-0.07144674
12.07324330;-0.06749379
12.08413960;-0.06745103
12.09644420;-0.06562156
12.10674940;-0.05947907
12.11751460;-0.06200833
12.12898750;-0.05682704
12.13998160;-0.05894264
12.15121730;-0.05919318
12.16318130;-0.05573618
12.17311670;-0.05605390
12.18407100;-0.05810440
12.19528910;-0.05571601
12.20654980;-0.05683300
12.21755210;-0.05815159
12.22909550;-0.05854717
12.23994840;-0.05962235
12.25076700;-0.05773316
12.26227820;-0.05918330
12.27315490;-0.05417172
12.28420270;-0.05374750
12.29574350;-0.05419312
12.30652460;-0.04642544
12.31750610;-0.04909357
12.32979680;-0.04348473
12.33979140;-0.04344625
12.35070280;-0.04017356
12.36225320;-0.03316645
12.37329970;-0.03056388
12.38419500;-0.02924400
12.39569480;-0.02490065
12.40654410;-0.02358723
12.41753180;-0.01812571
12.42872080;-0.01352620
12.44004500;-0.00814067
12.45303260;-0.00853884
12.46210460;-0.00757030
12.47298420;-0.00683625
12.48416520;-0.00517296
12.49533200;-0.00507387
12.50635430;-0.00733071
12.51740120;-0.00375944
12.52853070;-0.00425454
12.53977340;-0.00186533
12.55073730;-0.00263613
12.56233120;-0.00062657
12.57320570;-0.00001401
12.58420020;-0.00497076
12.59574980;-0.00297665
12.60671010;-0.00816522
12.61752400;-0.00808399
12.63000440;-0.00901610
12.63990990;-0.01460510
12.65071080;-0.01516302
12.66242540;-0.01757708
12.67295540;-0.01439994
12.68411200;-0.01667837
12.69540380;-0.01680360
12.70641270;-0.01510738
12.71757340;-0.01838139
12.72905950;-0.01461566
12.73993620;-0.01703571
12.75104010;-0.01405638
12.76270040;-0.01463463
12.77321940;-0.01397426
12.78430940;-0.00924550
12.79575200;-0.00885133
12.80654380;-0.00687952
12.81756100;-0.00477822
12.82913960;-0.00413877
12.83995940;-0.00420877
12.85094420;-0.00501375
12.86272210;-0.00103739
12.87343110;-0.00497952
12.88434760;-0.00205100
12.89583590;-0.00126709
12.90664170;-0.00230499
12.91759030;-0.00109218
12.92911040;0.00067847
12.93994050;0.00350882
12.95219400;0.00150384
12.96327440;0.00563090
12.97324750;0.00788506
12.98446590;0.00804184
12.99668550;0.01177171
13.00650550;0.00993387
13.01759350;0.01364839
13.02871870;0.01488484
13.03980600;0.01600994
13.05107190;0.01890593
13.06272930;0.02100572
13.07322820;0.02234323
13.08428900;0.02571508
13.09661700;0.03044275
13.10666340;0.03298272
13.11759190;0.03403830
13.12906790;0.04082453
13.14019200;0.04019548
13.15105490;0.04759123
13.16273310;0.04718584
13.17336210;0.04917285
13.18424000;0.04992128
13.19661680;0.05289623
13.20671830;0.05302031
13.21775660;0.05175825
13.23001580;0.05405402
13.24003960;0.05009385
13.25093360;0.04952486
13.26238110;0.05096287
13.27329830;0.04544950
13.28436880;0.04529256
13.29659570;0.04175663
13.30683240;0.04074280
13.31778950;0.03684412
13.32911630;0.03409983
13.33993710;0.03063850
13.35102690;0.02540432
13.36250440;0.02332456
13.37337630;0.01937035
13.38441970;0.01811882
13.39668050;0.01825547
13.40678070;0.01718019
13.41769980;0.01817014
13.42912440;0.01691218
13.43996560;0.01798540
13.45112370;0.01742680
13.46250860;0.02093421
13.47348020;0.01857790
13.48459210;0.02045172
13.49670650;0.02014503
13.50682850;0.02030556
13.51789180;0.01950968
13.52888410;0.01981734
13.54004000;0.01793851
13.55117940;0.01692707
13.56336610;0.01743669
13.57363890;0.01834640
13.58451260;0.01685030
13.59678620;0.01732407
13.60670840;0.01064078
13.61771810;0.01070699
13.63000180;0.01551735
13.64005170;0.01749934
13.65151710;0.01882203
13.66324130;0.02223244
13.67327610;0.02349469
13.68416890;0.02465367
13.69574250;0.02725931
13.70659270;0.02936737
13.71771860;0.03260348
13.72946680;0.03471330
13.73995490;0.03438461
13.75101210;0.03814382
13.76351070;0.03917269
13.77332530;0.03954453
13.78420720;0.03847255
13.79666910;0.04352325
13.80663510;0.04322702
13.81766340;0.04268047
13.82908600;0.04997097
13.84003740;0.05153184
13.85113320;0.05519477
13.86241160;0.05892797
13.87346670;0.06048527
13.88437270;0.07212134
13.89679200;0.07873348
13.90667940;0.08529257
13.91773770;0.09098599
13.92950280;0.09619492
13.93999170;0.10553059
13.95091500;0.11969719
13.96200700;0.12438517
13.97317140;0.13516452
13.98501440;0.14231762
13.99577900;0.15080816
14.00667440;0.15782535
14.01767120;0.16227644
14.02912060;0.16459837
14.03997970;0.16206697
14.05094350;0.16456443
14.06245980;0.16403231
14.07324110;0.15452825
14.09679680;0.15368293
14.10858400;0.14804767
14.11906230;0.13799185
14.13023740;0.13491002
14.14026060;0.12948675
14.15116750;0.11782969
14.16338110;0.11237024
14.17342090;0.10198876
14.18449960;0.09386101
14.19615870;0.08446802
14.20656110;0.07662143
14.21775660;0.07500998
14.24034850;0.06570648
14.25235940;0.05809224
14.26352230;0.05669581
14.27359680;0.05068858
14.28420910;0.04949389
14.29537410;0.04326534
14.30627380;0.03863930
14.31728740;0.03536311
14.32844140;0.03152048
14.33957240;0.02996073
14.35039060;0.02551142
14.36139680;0.02142225
14.37259250;0.02433727
14.38344540;0.01947631
14.39483800;0.01876682
14.40592630;0.02411157
14.41826670;0.02058198
14.42843220;0.01703774
14.43881390;0.01872229
14.44995320;0.01354271
14.46103960;0.01620904
14.47224890;0.01089467
14.48348870;0.00719139
14.49454980;0.00664877
14.50557750;0.00014960
14.51681750;0.00232120
14.52789110;-0.00432223
14.53894950;-0.00660562
14.55004680;-0.00689291
14.56125970;-0.01360299
14.57210070;-0.01440345
14.58414980;-0.02014230
14.59422560;-0.02041712
14.60523830;-0.02662177
14.61631640;-0.02866093
14.62749270;-0.03042968
14.63864500;-0.02976592
14.64997760;-0.03450076
14.66097780;-0.03821775
14.67232910;-0.03429499
14.68329030;-0.03984265
14.69453300;-0.04331628
14.70561420;-0.03468463
14.71705630;-0.04088063
14.72794720;-0.04258569
14.73918810;-0.04785857
14.75023920;-0.05045947
14.76134490;-0.04986747
14.77243190;-0.05316070
14.78346790;-0.05091730
14.79523070;-0.05483229
14.80577250;-0.05156006
14.81674780;-0.05161189
14.82800220;-0.05348569
14.83900390;-0.05067943
14.85016820;-0.05123649
14.86127840;-0.04661471
14.87255020;-0.04936542
14.88360930;-0.04471828
14.89471230;-0.04033860
14.90597640;-0.03873637
14.91690910;-0.03811701
14.92806810;-0.03578171
14.93907210;-0.03202930
14.95017800;-0.03308419
14.96134990;-0.03014793
14.97241620;-0.02438911
14.98353850;-0.03687378
14.99462090;-0.03571021
15.00535020;-0.03768251
15.01661680;-0.04156527
15.02788490;-0.04162766
15.03917040;-0.04646297
15.05010030;-0.05051878
15.06140040;-0.05578193
15.07231270;-0.05642169
15.08335390;-0.06673876
15.09481690;-0.06670265
15.10612740;-0.06804469
15.11686170;-0.07457598
15.12806270;-0.07476198
15.13925050;-0.08076481
15.15041060;-0.08400916
15.16148340;-0.08572434
15.17255240;-0.08988755
15.18416790;-0.09503491
15.19471010;-0.09989512
15.20576840;-0.10178482
15.21699250;-0.10659769
15.22809490;-0.10903311
15.23922510;-0.11208328
15.25024080;-0.11455182
15.26142910;-0.11090859
15.27257220;-0.11602357
15.28361320;-0.11830081
15.29483850;-0.11872363
15.30592090;-0.12458498
15.31695670;-0.12507171
15.32825840;-0.12722352
15.33911650;-0.12656501
15.35020600;-0.13290496
15.36167170;-0.12776608
15.37281880;-0.13009886
15.38365110;-0.13685567
15.39469130;-0.13281215
15.40594160;-0.13828156
15.41693280;-0.13968904
15.42808820;-0.13857109
15.43944880;-0.14091695
15.45045810;-0.14120428
15.46140940;-0.14119761
15.47270460;-0.13759098
15.48394060;-0.13853708
15.49512470;-0.13385130
15.50600840;-0.13022231
15.51718480;-0.12697974
15.52829690;-0.12116079
15.53944500;-0.12147357
15.55045030;-0.11512763
15.56189740;-0.11029222
15.57340770;-0.10694669
15.58405700;-0.09909006
15.59508970;-0.09360391
15.60627370;-0.08587143
15.61718320;-0.08121364
15.62833520;-0.07390459
15.63992990;-0.06718034
15.65098460;-0.06325282
15.66163720;-0.05437537
15.67279970;-0.05107850
15.68420460;-0.04614893
15.69493580;-0.03757246
15.70613940;-0.03402407
15.71734500;-0.02856622
15.72963700;-0.02624230
15.73998380;-0.01802553
15.75034840;-0.01870839
15.76143900;-0.01316124
15.77270620;-0.01201181
15.78378500;-0.01141284
15.79511880;-0.00441749
15.80616920;-0.00787120
15.81708520;-0.00247717
15.82869080;-0.00503202
15.83945960;-0.00230573
15.85053830;-0.00130129
15.86163840;-0.00170024
15.87284270;-0.00019890
15.88390310;-0.00156030
15.89502890;-0.00271521
15.90618210;-0.00213769
15.91717670;-0.00459989
15.92837680;-0.00281337
15.93972970;-0.00593932
15.95124960;-0.00598687
15.96156040;-0.00336850
15.97279500;-0.00590026
15.98400380;-0.00488047
15.99502810;-0.00700751
16.00614590;-0.00465969
16.01710080;-0.00723523
16.02838180;-0.00370005
16.03948370;-0.00661014
16.05033700;-0.00409590
16.06157570;-0.00158351
16.07335460;-0.00463736
16.08372800;-0.00039435
16.09487360;-0.00331065
16.10619600;-0.00012107
16.11709150;-0.00138356
16.12835000;-0.00170932
16.13958980;-0.00014497
16.15076900;-0.00118507
16.16181170;-0.00174237
16.17294840;-0.00106284
16.18413760;-0.00173472
16.19522280;-0.00020690
16.20628760;-0.00201027
16.21751310;-0.00032391
16.22853720;0.00054091
16.23967770;-0.00121485
16.25064140;-0.00104059
16.26197370;-0.00240211
16.27319840;0.00223259
16.28430520;0.00099697
16.29545110;0.00358798
16.30656450;0.00371956
16.31768590;0.00653787
16.32886280;0.00715648
16.34012890;0.00810313
16.35083430;0.01047250
16.36187480;0.01153767
16.37300030;0.01314422
16.38418840;0.01500628
16.39529680;0.01670950
16.40648460;0.01628725
16.41749990;0.01858355
16.42857660;0.01855350
16.43984760;0.02014328
16.45123930;0.02006075
16.46201540;0.02138727
16.47305510;0.02019263
16.48427080;0.01941761
16.49692130;0.02287475
16.50636750;0.02161357
16.51748570;0.02122656
16.52852240;0.02289049
16.53970570;0.02443918
16.55072650;0.02125691
16.56188790;0.02345042
16.57314970;0.02109484
16.58401060;0.02086415
16.59529640;0.02097624
16.60652220;0.02419629
16.61750170;0.02444550
16.62856740;0.02339331
16.64010380;0.02793780
16.65101260;0.02500927
16.66266170;0.02133255
16.67333640;0.01701912
16.68436130;0.01491787
16.69596980;0.01105653
16.70675500;0.00733154
16.71861070;0.00512457
16.72932520;-0.00079771
16.74010890;-0.00423211
16.75117950;-0.00650226
16.76281550;-0.00789755
16.77350970;-0.01189414
16.78469070;-0.01404167
16.79690830;-0.01328266
16.80692470;-0.01594617
16.81798470;-0.01788418
16.83024240;-0.01703667
16.84049780;-0.01890626
16.85151240;-0.01419070
16.86305820;-0.01401678
16.87383900;-0.01123395
16.88469690;-0.01138979
16.89578560;-0.01116889
16.90707930;-0.00759956
16.91921430;-0.01569859
16.92977600;-0.01527695
16.94037030;-0.01614752
16.95260300;-0.01586225
16.96376260;-0.01456432
16.97378950;-0.01632222
16.98473220;-0.01422825
16.99634070;-0.01716985
17.00697200;-0.01545071
17.01810010;-0.01432213
17.02947570;-0.01324721
17.04033790;-0.01185784
17.05141000;-0.01225413
17.06314810;-0.00854381
17.07381830;-0.01041664
17.08465650;-0.00728407
17.09701160;-0.00555922
17.10698620;-0.00574726
17.11794400;-0.00036476
17.12954780;-0.00166073
17.14049650;0.00247851
17.15132080;0.00261287
17.16367130;0.00428364
17.17372430;0.00631999
17.18491550;0.00636277
17.19706600;0.00955015
17.20712210;0.01093898
17.21809710;0.01360949
17.22943580;0.01404433
17.24050920;0.01258096
17.25171070;0.01557979
17.26367830;0.01327658
17.27367960;0.01405174
17.28477800;0.01664059
17.29711190;0.01488215
17.30715270;0.01222333
17.31823540;0.00905343
17.33043080;0.01079436
17.34046100;0.00590093
17.35139800;0.00645779
17.36368890;0.00436360
17.37377240;0.00190707
17.38461720;0.00409468
17.39623530;0.00027810
17.40709920;0.00009435
17.41812140;-0.00219724
17.43041700;-0.00295815
17.44058880;-0.00295497
17.45262250;-0.00561638
17.46290080;-0.00454155
17.47386740;-0.00511147
17.48480120;-0.00529196
17.49705740;-0.00660320
17.50687760;-0.00756945
17.51820820;-0.00524026
17.52979240;-0.00765536
17.54049650;-0.00679849
17.55160750;-0.00392589
17.56370390;-0.00656556
17.57372960;-0.00633928
17.58490440;-0.00796410
17.59697700;-0.00369728
17.60711970;-0.00602249
17.61832930;-0.00338213
17.63039250;-0.00058159
17.64064390;0.00014642
17.65166810;0.00313054
17.66379650;0.00382174
17.67386180;0.00562248
17.68481290;0.00745439
17.69705250;0.01028415
17.70719390;0.01296344
17.71825460;0.01233739
17.73041640;0.01720603
17.74052520;0.01843095
17.75142060;0.02092778
17.76389950;0.02225446
17.77385380;0.02274430
17.78477330;0.02350462
17.79712180;0.02279675
17.80725350;0.02384545
17.81837520;0.02905256
17.82957100;0.02716869
17.84053730;0.02847161
17.85152460;0.02529038
17.86374390;0.03024404
17.87379830;0.02732758
17.88467400;0.02893458
17.89652180;0.03117082
17.90705120;0.03064931
17.91833880;0.03044468
17.92958340;0.02970911
17.94041750;0.02831477
17.95271780;0.02831732
17.96284220;0.02712286
17.97368560;0.02490274
17.98489390;0.02190033
17.99710440;0.02055139
18.00698310;0.01755801
18.01807000;0.01551437
18.02921010;0.01277021
18.04051110;0.00997752
18.05146090;0.00763082
18.06379350;0.00549904
18.07381670;0.00376204
18.08477100;0.00492132
18.09652070;0.00052033
18.10723460;-0.00093608
18.11810850;-0.00407399
18.12900540;-0.00276387
18.14033560;-0.00447514
18.15127960;-0.00371309
18.16258210;-0.00205696
18.17368870;-0.00355544
18.18476950;-0.00422489
18.19712320;-0.00379452
18.20728500;-0.00498326
18.21820960;-0.00432714
18.23041560;-0.00491050
18.24044630;-0.00566120
18.25144720;-0.00480900
18.26332000;-0.00460364
18.27377290;-0.00452383
18.28499710;-0.00449971
18.29715430;-0.00515913
18.30723480;-0.00478693
18.31829880;-0.00790305
18.33051440;-0.00792949
18.34053660;-0.00747924
18.35154600;-0.00534578
18.36293230;-0.00580888
18.37485750;-0.00854277
18.38508250;-0.00680691
18.39717070;-0.00500736
18.40710240;-0.00453818
18.41811390;-0.00283257
18.43055890;-0.00209011
18.44044530;0.00055985
18.45148080;0.00103185
18.46381120;0.00222791
18.47487350;0.00212511
18.48466880;0.00125797
18.49562250;0.00293795
18.50691020;0.00343662
18.51792830;0.00517319
18.52919980;0.00738908
18.54034270;0.01091369
18.55141370;0.00579286
18.56378240;0.01315374
18.57501270;0.01434701
18.58469990;0.01499412
18.59577560;0.03091110
18.60696300;0.03372864
18.61803110;0.04245380
18.62917240;0.05296815
18.64035590;0.06021317
18.65135310;0.08197413
18.66265960;0.11037988
18.67377300;0.12425484
18.68475020;0.14516560
18.69656590;0.18300887
18.70711300;0.19827936
18.71814190;0.21745574
18.72972480;0.26958569
18.74039600;0.29702768
18.75141930;0.33348455
18.76322330;0.40594077
18.77375810;0.44001546
18.78479850;0.49961692
18.79595500;0.55672150
18.80738650;0.63294933
18.81840620;0.68605682
18.83052500;0.74097763
18.84066770;0.81777124
18.85148890;0.87145836
18.86330710;0.91805291
18.87395730;0.94802288
18.88508230;1.00274637
18.89728530;1.02548274
18.90746090;1.05493807
18.91940770;1.06464379
18.93082110;1.06510874
18.94176050;1.05735561
18.95316330;1.03478087
18.96423330;1.00585426
18.97528120;0.95495220
18.98667600;0.93864838
18.99840950;0.90752899
19.00887770;0.86036198
19.02007380;0.81912747
19.03130810;0.78725430
19.04284460;0.72926790
19.05380110;0.69925133
19.06483710;0.65831942
19.07640460;0.63058040
19.08742470;0.59021606
19.09856200;0.55446029
19.10976370;0.54492021
19.12106470;0.51238401
19.13226550;0.49007693
19.14337940;0.48272223
19.15450960;0.49499973
19.16560280;0.47767661
19.17662670;0.49763635
19.18767090;0.49303671
19.19898500;0.52473726
19.21016670;0.53201634
19.22108060;0.53864415
19.23245330;0.55862785
19.24321450;0.62042758
19.25433480;0.65020498
19.26581490;0.68167547
19.27734380;0.74278589
19.28766400;0.76452911
19.29871580;0.80640018
19.30987140;0.83869688
19.32095120;0.89249756
19.33197150;0.91553020
19.34305290;0.96797151
19.35438980;0.99345725
19.36529020;0.99991952
19.37637350;1.05620928
19.38751730;1.06907430
19.39864510;1.07836218
19.40966470;1.11732231
19.42198620;1.12878071
19.43281750;1.12869104
19.44401050;1.16323899
19.45480530;1.15495805
19.46588750;1.15111390
19.47688570;1.13669094
19.48779390;1.16472679
19.49899850;1.15936109
19.50982920;1.19986542
19.52092900;1.17024367
19.53214030;1.18791272
19.54305290;1.21091464
19.55414780;1.19235388
19.56516990;1.19536486
19.57741300;1.19433903
19.58845010;1.23571387
19.59934050;1.20355748
19.61033210;1.20337941
19.62118410;1.20399964
19.63219360;1.19573096
19.64321660;1.23012520
19.65416670;1.14894364
19.66542350;1.17955145
19.67625940;1.19345042
19.68750480;1.15858248
19.69848380;1.14485150
19.70952630;1.15124496
19.72066500;1.10907719
19.73167490;1.08442937
19.74270260;1.09565313
19.75375430;1.07525884
19.76479880;1.05530082
19.77768780;1.06418538
19.78693430;1.01899767
19.79813530;1.00820145
19.80907120;1.00833477
19.82017160;0.97841338
19.83141720;0.96228387
19.84239790;0.97200090
19.85351900;0.97581561
19.86468000;0.93723707
19.87584910;0.95675058
19.88680290;0.95944996
19.89803200;0.94288870
19.90898370;0.96248933
19.92103260;0.92178652
19.93118880;0.99734425
19.94210650;0.97261945
19.95324330;0.95761965
19.96426550;0.97621300
19.97537930;0.97558879
19.98653070;0.96589527
19.99762050;0.97982619
20.00857370;0.99217856
20.01967080;0.98724273
20.03084830;0.98790797
20.04117850;0.98133367
20.05201700;0.95471019
20.06396100;0.96782802
20.07405280;0.96385051
20.08461440;0.95809379
20.09570780;0.94534039
20.10680790;0.93712839
20.11790290;0.92372242
20.12892370;0.89530174
20.14030360;0.88646734
20.15096030;0.85719438
20.16198330;0.83680226
20.17340800;0.81698615
20.18423810;0.78983429
20.19519890;0.77864875
20.20651790;0.73124616
20.21735950;0.73303987
20.22853670;0.71468249
20.23961700;0.67819181
20.25062020;0.68792272
20.26166910;0.67043631
20.27279290;0.65472756
20.28390020;0.66038858
20.29501910;0.63870209
20.30610560;0.65810176
20.31720420;0.64888516
20.32829430;0.66449663
20.33954290;0.66778003
20.35051080;0.68023353
20.36154940;0.67406509
20.37291720;0.67977218
20.38400000;0.71406401
20.39501980;0.70372666
20.40633780;0.72184245
20.41720700;0.74305240
20.42841180;0.73995132
20.43949860;0.75443019
20.45052900;0.77355704
20.46168760;0.77512568
20.47289570;0.78664417
20.48412770;0.79273221
20.49521460;0.77475446
20.50634360;0.77157590
20.51738940;0.78113738
20.52868450;0.74642050
20.53978020;0.73953254
20.55074460;0.72432586
20.56200290;0.69158710
20.57316670;0.67311006
20.58413280;0.62331406
20.59548070;0.59922653
20.60654030;0.56368291
20.61761020;0.52458063
20.62873700;0.49300191
20.63999780;0.46701371
20.65155050;0.44670505
20.66249380;0.39826301
20.67347520;0.37626434
20.68466080;0.34836895
20.69599770;0.31497656
20.70710150;0.28832077
20.71832790;0.27149242
20.72942250;0.24573130
20.74041520;0.22112183
20.75151400;0.19328307
20.76251240;0.16597321
20.77338020;0.15007555
20.78455150;0.12987587
20.79577670;0.09688383
20.80700160;0.08886609
20.81791760;0.06494886
20.82918530;0.05168146
20.84017820;0.03271639
20.85126370;0.00982075
20.86242420;0.00517072
20.87354590;-0.01110039
20.88462640;-0.01764840
20.89575360;-0.03246653
20.90682760;-0.03937511
20.91792250;-0.05866428
20.92915450;-0.08342452
20.94024030;-0.09092972
20.95157430;-0.11877062
20.96275410;-0.12805528
20.97335920;-0.15137240
20.98456790;-0.16329743
20.99574490;-0.17501706
21.00676350;-0.19323771
21.01772350;-0.19512420
21.02941740;-0.21807041
21.04018180;-0.22356970
21.05109180;-0.22873930
21.06238230;-0.23511837
21.07356960;-0.22971984
21.08428420;-0.24243151
21.09558740;-0.23063056
21.10677470;-0.23502808
21.11772150;-0.22459068
21.12892490;-0.21721518
21.14033050;-0.21856600
21.15108250;-0.20601417
21.16230240;-0.20223548
21.17329020;-0.18774769
21.18444420;-0.18885204
21.19551850;-0.18399299
21.20669660;-0.16771242
21.21797540;-0.16806512
21.22921690;-0.14493485
21.24004130;-0.14165736
21.25116550;-0.12049777
21.26212830;-0.10322724
21.27318690;-0.08881700
21.28415280;-0.07001526
21.29536030;-0.07127527
21.30653060;-0.04557495
21.31762920;-0.03265191
21.32888320;-0.02612044
21.33992810;-0.01014883
21.35092430;-0.00820555
21.36218250;0.01122990
21.37329150;0.01080902
21.38423730;0.02460571
21.39536690;0.02749150
21.40663000;0.03149943
21.41802560;0.04624363
21.42909770;0.04284411
21.44014150;0.05613252
21.45122240;0.04953676
21.46229930;0.05996393
21.47336920;0.06572881
21.48459910;0.06556065
21.49564070;0.08094272
21.50682400;0.07660286
21.51783200;0.08918367
21.52931380;0.09611937
21.54009940;0.10122537
21.55108360;0.10210271
21.56245360;0.10113303
21.57351460;0.11435441
21.58460910;0.10705457
21.59572260;0.11042527
21.60691020;0.11164414
21.61789120;0.10826314
21.62899630;0.11462519
21.64019860;0.10546176
21.65122830;0.11441765
21.66247490;0.10717361
21.67355470;0.10560675
21.68473700;0.10838036
21.69583010;0.09384499
21.70679560;0.09856726
21.71803780;0.08468729
21.72913000;0.09326841
21.74038790;0.07865261
21.75146780;0.07680008
21.76313580;0.07527841
21.77357250;0.05729163
21.78452760;0.06021845
21.79584140;0.05427669
21.80689320;0.04735380
21.81801460;0.04212920
21.82928780;0.03249377
21.84045650;0.03575031
21.85130960;0.02283121
21.86254990;0.02798725
21.87367770;0.02087061
21.88463180;0.02034180
21.89595290;0.02638767
21.90700860;0.01811453
21.91801660;0.02978578
21.92916510;0.02150545
21.94036320;0.02983717
21.95141640;0.02916451
21.96271060;0.02520790
21.97393250;0.03591569
21.98498190;0.02808826
21.99596960;0.03458126
22.00720140;0.02628746
22.01827350;0.03157348
22.02992000;0.02569913
22.04069460;0.01506049
22.05181290;0.02019587
22.06355490;0.01415560
22.07410800;0.01039518
22.08519090;0.00277574
22.09759010;-0.00902928
22.10755890;-0.00429590
22.11855580;-0.01741661
22.13085440;-0.01483032
22.14084460;-0.02542897
22.15195640;-0.02609862
22.16425350;-0.02285989
22.17460130;-0.03469585
22.18499190;-0.02790505
22.19605110;-0.03735126
22.20733340;-0.02976631
22.21845660;-0.03521966
22.22959670;-0.03956504
22.24084060;-0.03249924
22.25192760;-0.04168908
22.26295790;-0.03539458
22.27411740;-0.03573064
22.28521170;-0.02959926
22.29666860;-0.03160125
22.30788310;-0.03450724
22.31863580;-0.02385731
22.33000550;-0.02247088
22.34099680;-0.01844719
22.35198930;-0.02222904
22.36329000;-0.01998978
22.37418830;-0.00883750
22.38507350;-0.01418918
22.39759610;-0.00345739
22.40748400;-0.00647557
22.41858820;-0.00099448
22.43088050;0.00151226
22.44084910;-0.00635289
22.45201900;0.00384206
22.46320630;-0.00267480
22.47437350;0.00431021
22.48538480;-0.00374283
22.49699450;-0.00394147
22.50761130;0.00093439
22.51869560;-0.00872577
22.53008550;0.00108594
22.54088800;-0.00415724
22.55216520;0.00403696
22.56429130;0.00128366
22.57469910;-0.00035156
22.58537280;0.00618220
22.59704560;0.00823471
22.60756000;0.01000921
22.61855220;0.00545234
22.63094550;0.01362474
22.64112020;0.01848700
22.65197940;0.01159426
22.66367500;0.02086431
22.67427430;0.01411410
22.68538400;0.02161144
22.69771640;0.01801700
22.70769060;0.01439981
22.71899100;0.02062041
22.73095200;0.01467330
22.74093240;0.02223437
22.75220090;0.01008489
22.76370950;0.01466173
22.77440690;0.01332210
22.78542690;0.00748650
22.79761430;0.01527951
22.80767640;0.00375119
22.81875040;0.01370091
22.83095920;0.00537629
22.84119780;0.00343458
22.85204110;0.00623946
22.86302590;0.00928314
22.87432200;0.00804785
22.88562120;0.00147290
22.89770610;0.00978257
22.90774640;0.00620154
22.91898630;0.00314832
22.93096640;0.01093394
22.94109360;0.00882660
22.95223800;0.02022174
22.96433230;0.01237575
22.97438790;0.01497082
22.98555210;0.01983063
22.99765580;0.01755149
23.00763310;0.02241267
23.01883950;0.01263575
23.03097200;0.02152655
23.04211110;0.01660991
23.05211490;0.01358191
23.06358440;0.01967127
23.07414550;0.01818185
23.08526360;0.01630777
23.09673840;0.01408036
23.10771180;0.01153097
23.11865170;0.00869090
23.13100080;0.00559150
23.14085280;0.00226410
23.15198420;-0.00125998
23.16373890;-0.00494941
23.17440800;-0.00877285
23.18566100;-0.01269898
23.19835210;-0.01669647
